1359
487
1203
1358
1360
150
1444
1407
1464
1463
3
1332
187
1273
401
305
1088
1370
122
502
1384
1433
495
1221
113
4
1305
1304
636
217
309
616
1143
475
429
664
996
663
1182
1251
617
618
362
292
632
547
589
732
221
1283
1100
926
110
31
30
2
273
144
1432
109
1081
587
525
331
145
612
1172
282
580
1111
392
43
1317
1107
764
184
634
98
99
394
148
689
288
222
548
293
446
591
774
466
248
271
384
733
73
540
1028
1099
1069
307
291
471
351
432
573
742
577
530
731
708
443
671
532
373
991
198
507
450
1170
1157
437
1008
1269
1140
1058
1256
1301
999
719
1001
489
1139
602
670
738
194
1148
1367
499
741
633
872
335
1288
1105
990
609
854
348
988
286
644
171
605
160
642
641
68
66
1077
855
639
857
169
170
856
165
1050
1039
960
1009
332
1243
1115
566
1211
1347
474
867
1326
1321
1327
226
159
1328
1067
1207
549
1212
1163
1047
1201
245
377
250
120
1147
448
430
813
869
870
447
454
7
1019
1469
980
123
921
87
922
36
220
1173
1093
1383
25
83
955
1419
1154
370
1206
683
945
1452
1277
81
1056
536
97
1261
923
1132
1136
958
1174
559
740
241
1214
433
1224
1183
1121
1242
1142
1070
127
326
515
1356
1362
1135
1346
571
398
334
1222
698
1425
879
37
48
711
637
482
35
682
681
480
588
707
106
816
979
873
874
1380
1087
1200
1441
155
1086
528
529
1241
1420
604
1227
981
812
14
16
223
13
1129
243
240
218
1130
924
957
1404
1112
1461
510
117
836
65
51
10
277
28
544
654
91
452
615
703
133
47
85
1185
63
886
702
701
323
369
415
1054
944
1336
1024
15
961
1366
175
372
128
211
1258
710
149
71
340
523
1344
556
1246
1166
1153
570
1178
347
629
1351
850
