2
3
4
7
15
24
25
30
31
34
35
37
40
41
42
43
44
46
47
48
55
62
63
66
67
68
71
72
74
79
81
82
83
85
87
91
92
97
98
99
105
106
109
110
113
114
116
117
120
122
123
124
127
128
133
135
143
145
148
150
151
155
156
157
159
160
165
167
169
170
171
175
177
185
186
187
188
189
193
194
197
198
202
206
207
209
211
212
217
218
220
221
222
226
232
235
240
241
245
249
250
252
253
261
270
273
277
282
283
286
288
292
293
294
299
301
305
323
326
331
332
334
335
340
347
348
353
354
355
356
360
362
363
364
370
372
376
377
378
379
381
384
386
390
391
392
394
401
406
422
424
430
433
437
443
446
447
448
449
450
451
454
455
456
464
468
474
480
481
482
483
484
487
488
489
493
494
495
498
499
501
502
504
505
507
510
523
525
527
528
529
536
540
541
543
547
548
549
550
552
556
563
564
566
570
572
575
576
579
580
581
585
586
587
589
593
594
602
605
606
609
615
624
627
629
631
632
633
634
636
638
639
641
642
644
649
654
657
664
668
670
671
672
673
677
679
681
682
683
689
696
697
698
700
702
703
706
707
708
710
711
713
714
717
718
719
720
722
732
733
734
736
738
740
741
748
754
755
765
766
769
781
796
797
798
800
809
810
813
814
815
816
818
832
836
837
838
839
841
843
845
846
849
850
852
853
854
855
856
857
859
860
867
869
870
872
873
874
876
879
880
882
883
886
888
893
900
919
921
922
923
926
932
945
946
948
949
955
956
957
960
961
963
973
974
975
976
978
979
987
988
990
991
997
998
999
1001
1005
1006
1008
1009
1013
1016
1019
1023
1025
1030
1032
1033
1034
1039
1046
1047
1049
1050
1051
1053
1056
1057
1058
1059
1060
1062
1064
1067
1070
1074
1075
1077
1080
1081
1084
1086
1087
1088
1091
1092
1094
1098
1100
1101
1102
1103
1104
1105
1107
1108
1109
1111
1112
1115
1120
1121
1125
1126
1130
1132
1133
1134
1136
1139
1140
1145
1146
1147
1148
1151
1153
1154
1156
1157
1158
1161
1163
1165
1166
1170
1171
1172
1174
1178
1179
1180
1181
1183
1185
1189
1200
1201
1203
1205
1206
1207
1209
1210
1211
1212
1213
1214
1218
1220
1221
1222
1224
1225
1226
1231
1235
1236
1237
1241
1243
1244
1246
1249
1250
1251
1253
1255
1256
1258
1260
1261
1262
1263
1266
1268
1269
1273
1275
1277
1278
1280
1281
1283
1288
1289
1290
1295
1298
1299
1301
1303
1304
1305
1307
1308
1312
1314
1316
1317
1321
1322
1326
1327
1328
1332
1338
1342
1347
1351
1353
1356
1358
1359
1360
1362
1363
1366
1370
1373
1375
1380
1383
1384
1388
1391
1392
1393
1395
1404
1406
1407
1414
1419
1420
1424
1425
1432
1433
1440
1441
1444
1449
1451
1452
1457
1458
1459
1463
1464
1465
1466
1468
1469
1478
